saniye,x,y
0.016666666666666666,824,800
0.03333333333333333,824,800
0.05,824,800
0.06666666666666667,824,800
0.08333333333333333,824,800
0.09999999999999999,824,800
0.11666666666666665,824,800
0.13333333333333333,824,800
0.15,824,800
0.16666666666666666,824,800
0.18333333333333332,824,800
0.19999999999999998,824,800
0.21666666666666665,824,800
0.2333333333333333,824,800
0.24999999999999997,824,800
0.26666666666666666,824,800
0.2833333333333333,824,800
0.3,824,800
0.31666666666666665,824,800
0.3333333333333333,824,800
0.35,824,800
0.36666666666666664,824,800
0.3833333333333333,824,800
0.39999999999999997,824,800
0.41666666666666663,824,800
0.4333333333333333,824,800
0.44999999999999996,824,800
0.4666666666666666,824,800
0.4833333333333333,824,800
0.49999999999999994,824,800
0.5166666666666666,824,800
0.5333333333333333,824,800
0.55,824,800
0.5666666666666668,824,800
0.5833333333333335,824,800
0.6000000000000002,824,800
0.6166666666666669,824,800
0.6333333333333336,824,800
0.6500000000000004,824,800
0.6666666666666671,824,800
0.6833333333333338,824,800
0.7000000000000005,828,798
0.7166666666666672,830,797
0.733333333333334,842,794
0.7500000000000007,848,791
0.7666666666666674,852,790
0.7833333333333341,856,788
0.8000000000000008,868,785
0.8166666666666675,875,780
0.8333333333333343,906,755
0.850000000000001,927,736
0.8666666666666677,941,727
0.8833333333333344,991,696
0.9000000000000011,1035,673
0.9166666666666679,1083,646
0.9333333333333346,1126,627
0.9500000000000013,1183,599
0.966666666666668,1211,586
0.9833333333333347,1231,572
1.0000000000000013,1247,563
1.016666666666668,1262,553
1.0333333333333345,1267,548
1.0500000000000012,1269,546
1.0666666666666678,1272,544
1.0833333333333344,1274,541
1.100000000000001,1276,538
1.1166666666666676,1278,536
1.1333333333333342,1279,536
1.1500000000000008,1280,535
1.1666666666666674,1282,532
1.183333333333334,1286,530
1.2000000000000006,1286,530
1.2166666666666672,1286,530
1.2333333333333338,1286,530
1.2500000000000004,1288,528
1.266666666666667,1292,527
1.2833333333333337,1292,525
1.3000000000000003,1292,525
1.3166666666666669,1292,525
1.3333333333333335,1292,525
1.35,1292,525
1.3666666666666667,1292,525
1.3833333333333333,1292,525
1.4,1292,525
1.4166666666666665,1292,525
1.4333333333333331,1293,525
1.4499999999999997,1293,524
1.4666666666666663,1293,524
1.483333333333333,1293,524
1.4999999999999996,1293,524
1.5166666666666662,1293,524
1.5333333333333328,1293,524
1.5499999999999994,1293,524
1.566666666666666,1293,524
1.5833333333333326,1293,524
1.5999999999999992,1293,524
1.6166666666666658,1293,524
1.6333333333333324,1293,524
1.649999999999999,1293,524
1.6666666666666656,1293,524
1.6833333333333322,1293,524
1.6999999999999988,1294,524
1.7166666666666655,1294,528
1.733333333333332,1294,531
1.7499999999999987,1294,535
1.7666666666666653,1292,538
1.7833333333333319,1291,541
1.7999999999999985,1288,541
1.816666666666665,1287,541
1.8333333333333317,1278,541
1.8499999999999983,1272,541
1.866666666666665,1266,536
1.8833333333333315,1263,534
1.8999999999999981,1250,523
1.9166666666666647,1242,510
1.9333333333333313,1240,505
1.949999999999998,1237,499
1.9666666666666646,1236,493
1.9833333333333312,1236,490
1.9999999999999978,1236,485
2.0166666666666644,1236,474
2.033333333333331,1239,471
2.0499999999999976,1241,463
2.066666666666664,1243,457
2.083333333333331,1254,445
2.0999999999999974,1261,438
2.116666666666664,1269,432
2.1333333333333306,1281,427
2.1499999999999972,1287,425
2.166666666666664,1306,424
2.1833333333333305,1321,424
2.199999999999997,1339,424
2.2166666666666637,1359,432
2.2333333333333303,1381,442
2.249999999999997,1403,454
2.2666666666666635,1430,470
2.28333333333333,1438,474
2.2999999999999967,1451,484
2.3166666666666633,1459,496
2.33333333333333,1464,502
2.3499999999999965,1466,508
2.366666666666663,1470,518
2.3833333333333298,1470,522
2.3999999999999964,1470,532
2.416666666666663,1468,538
2.4333333333333296,1461,544
2.449999999999996,1460,546
2.466666666666663,1455,549
2.4833333333333294,1438,555
2.499999999999996,1432,556
2.5166666666666626,1422,556
2.533333333333329,1414,556
2.549999999999996,1407,556
2.5666666666666624,1400,556
2.583333333333329,1393,556
2.5999999999999956,1389,556
2.6166666666666623,1384,551
2.633333333333329,1377,546
2.6499999999999955,1375,538
2.666666666666662,1371,530
2.6833333333333287,1370,528
2.6999999999999953,1369,521
2.716666666666662,1366,509
2.7333333333333285,1363,492
2.749999999999995,1363,482
2.7666666666666617,1363,472
2.7833333333333283,1363,469
2.799999999999995,1363,464
2.8166666666666615,1370,453
2.833333333333328,1372,450
2.8499999999999948,1377,445
2.8666666666666614,1387,441
2.883333333333328,1397,438
2.8999999999999946,1408,435
2.916666666666661,1416,433
2.933333333333328,1427,433
2.9499999999999944,1432,433
2.966666666666661,1448,433
2.9833333333333276,1458,435
2.9999999999999942,1467,441
3.016666666666661,1474,447
3.0333333333333274,1481,457
3.049999999999994,1484,464
3.0666666666666607,1486,470
3.0833333333333273,1489,479
3.099999999999994,1489,484
3.1166666666666605,1489,489
3.133333333333327,1489,496
3.1499999999999937,1489,505
3.1666666666666603,1486,511
3.183333333333327,1474,521
3.1999999999999935,1473,522
3.21666666666666,1462,530
3.2333333333333267,1454,531
3.2499999999999933,1442,532
3.26666666666666,1439,532
3.2833333333333266,1428,532
3.299999999999993,1425,532
3.3166666666666598,1412,532
3.3333333333333264,1400,527
3.349999999999993,1390,522
3.3666666666666596,1383,517
3.383333333333326,1378,514
3.399999999999993,1371,503
3.4166666666666594,1370,497
3.433333333333326,1369,492
3.4499999999999926,1369,486
3.4666666666666592,1369,482
3.483333333333326,1369,477
3.4999999999999925,1369,469
3.516666666666659,1370,460
3.5333333333333257,1375,453
3.5499999999999923,1377,451
3.566666666666659,1385,441
3.5833333333333255,1393,438
3.599999999999992,1395,437
3.6166666666666587,1408,429
3.6333333333333253,1410,429
3.649999999999992,1426,426
3.6666666666666585,1436,426
3.683333333333325,1440,426
3.6999999999999917,1445,426
3.7166666666666583,1453,426
3.733333333333325,1466,429
3.7499999999999916,1473,435
3.766666666666658,1478,442
3.7833333333333248,1481,448
3.7999999999999914,1487,460
3.816666666666658,1493,470
3.8333333333333246,1494,473
3.849999999999991,1497,485
3.866666666666658,1498,493
3.8833333333333244,1498,502
3.899999999999991,1498,511
3.9166666666666576,1497,517
3.9333333333333242,1496,519
3.949999999999991,1490,527
3.9666666666666575,1485,532
3.983333333333324,1478,540
3.9999999999999907,1471,542
4.016666666666658,1468,544
4.033333333333324,1460,547
4.049999999999991,1457,547
4.0666666666666575,1447,547
4.083333333333324,1435,547
4.099999999999991,1422,544
4.116666666666657,1416,541
4.133333333333324,1398,530
4.149999999999991,1384,519
4.166666666666657,1377,510
4.183333333333324,1371,499
4.19999999999999,1369,489
4.216666666666657,1369,478
4.233333333333324,1369,474
4.24999999999999,1369,457
4.266666666666657,1370,451
4.2833333333333234,1374,446
4.29999999999999,1378,439
4.316666666666657,1387,432
4.333333333333323,1394,428
4.34999999999999,1404,428
4.3666666666666565,1409,427
4.383333333333323,1423,427
4.39999999999999,1436,427
4.416666666666656,1441,427
4.433333333333323,1452,429
4.4499999999999895,1465,437
4.466666666666656,1472,441
4.483333333333323,1485,453
4.499999999999989,1489,463
4.516666666666656,1490,465
4.533333333333323,1491,474
4.549999999999989,1491,484
4.566666666666656,1491,492
4.583333333333322,1491,503
4.599999999999989,1485,512
4.616666666666656,1479,519
4.633333333333322,1468,528
4.649999999999989,1460,532
4.666666666666655,1453,535
4.683333333333322,1446,537
4.699999999999989,1442,537
4.716666666666655,1429,537
4.733333333333322,1417,537
4.7499999999999885,1413,536
4.766666666666655,1403,530
4.783333333333322,1397,523
4.799999999999988,1390,516
4.816666666666655,1387,510
4.8333333333333215,1384,502
4.849999999999988,1383,496
4.866666666666655,1383,486
4.883333333333321,1383,479
4.899999999999988,1383,473
4.9166666666666545,1384,470
4.933333333333321,1385,466
4.949999999999988,1395,457
4.966666666666654,1397,454
4.983333333333321,1400,452
4.999999999999988,1406,450
5.016666666666654,1415,447
5.033333333333321,1426,446
5.049999999999987,1432,446
5.066666666666654,1439,446
5.083333333333321,1445,446
5.099999999999987,1451,446
5.116666666666654,1455,448
5.13333333333332,1465,454
5.149999999999987,1470,458
5.166666666666654,1473,467
5.18333333333332,1477,474
5.199999999999987,1479,489
5.2166666666666535,1479,492
5.23333333333332,1479,501
5.249999999999987,1479,502
5.266666666666653,1479,505
5.28333333333332,1478,512
5.2999999999999865,1478,516
5.316666666666653,1478,519
5.33333333333332,1478,523
5.349999999999986,1478,529
5.366666666666653,1478,535
5.3833333333333195,1478,541
5.399999999999986,1479,547
5.416666666666653,1485,553
5.433333333333319,1489,559
5.449999999999986,1493,566
5.466666666666653,1497,568
5.483333333333319,1505,574
5.499999999999986,1510,576
5.516666666666652,1518,580
5.533333333333319,1530,583
5.549999999999986,1548,586
5.566666666666652,1556,587
5.583333333333319,1561,587
5.599999999999985,1576,587
5.616666666666652,1590,586
5.633333333333319,1594,583
5.649999999999985,1605,580
5.666666666666652,1621,574
5.6833333333333185,1632,567
5.699999999999985,1645,559
5.716666666666652,1646,556
5.733333333333318,1652,548
5.749999999999985,1654,546
5.7666666666666515,1658,538
5.783333333333318,1664,529
5.799999999999985,1670,519
5.816666666666651,1673,512
5.833333333333318,1674,506
5.8499999999999845,1674,499
5.866666666666651,1674,493
5.883333333333318,1674,490
5.899999999999984,1667,480
5.916666666666651,1658,478
5.933333333333318,1647,473
5.949999999999984,1635,471
5.966666666666651,1627,470
5.983333333333317,1613,470
5.999999999999984,1607,470
6.016666666666651,1599,470
6.033333333333317,1592,474
6.049999999999984,1589,474
6.06666666666665,1574,489
6.083333333333317,1565,496
6.099999999999984,1558,504
6.11666666666665,1554,514
6.133333333333317,1547,523
6.1499999999999835,1543,531
6.16666666666665,1543,535
6.183333333333317,1543,543
6.199999999999983,1543,546
6.21666666666665,1549,559
6.2333333333333165,1557,566
6.249999999999983,1569,572
6.26666666666665,1580,576
6.283333333333316,1586,577
6.299999999999983,1601,581
6.3166666666666496,1609,582
6.333333333333316,1616,582
6.349999999999983,1625,582
6.366666666666649,1631,582
6.383333333333316,1637,582
6.399999999999983,1646,576
6.416666666666649,1648,570
6.433333333333316,1652,564
6.449999999999982,1654,560
6.466666666666649,1654,553
6.483333333333316,1654,544
6.499999999999982,1654,535
6.516666666666649,1654,531
6.5333333333333155,1651,522
6.549999999999982,1648,515
6.566666666666649,1645,510
6.583333333333315,1639,501
6.599999999999982,1637,496
6.6166666666666485,1626,487
6.633333333333315,1620,485
6.649999999999982,1609,482
6.666666666666648,1602,482
6.683333333333315,1593,482
6.6999999999999815,1586,482
6.716666666666648,1579,482
6.733333333333315,1573,482
6.749999999999981,1564,490
6.766666666666648,1558,497
6.783333333333315,1549,510
6.799999999999981,1548,512
6.816666666666648,1544,519
6.833333333333314,1542,529
6.849999999999981,1542,537
6.866666666666648,1542,556
6.883333333333314,1542,559
6.899999999999981,1542,566
6.916666666666647,1542,572
6.933333333333314,1544,575
6.949999999999981,1554,583
6.966666666666647,1561,588
6.983333333333314,1570,592
6.9999999999999805,1581,595
7.016666666666647,1599,596
7.033333333333314,1603,596
7.04999999999998,1615,596
7.066666666666647,1624,596
7.0833333333333135,1631,596
7.09999999999998,1637,594
7.116666666666647,1644,586
7.133333333333313,1650,576
7.14999999999998,1656,566
7.1666666666666465,1660,556
7.183333333333313,1663,546
7.19999999999998,1663,541
7.216666666666646,1663,534
7.233333333333313,1663,528
7.24999999999998,1663,521
7.266666666666646,1663,517
7.283333333333313,1663,503
7.299999999999979,1663,496
7.316666666666646,1659,489
7.333333333333313,1654,485
7.349999999999979,1651,483
7.366666666666646,1634,474
7.383333333333312,1629,473
7.399999999999979,1624,473
7.416666666666646,1618,473
7.433333333333312,1609,473
7.449999999999979,1603,474
7.4666666666666455,1597,480
7.483333333333312,1592,484
7.499999999999979,1587,487
7.516666666666645,1576,501
7.533333333333312,1573,505
7.5499999999999785,1570,511
7.566666666666645,1565,518
7.583333333333312,1564,532
7.599999999999978,1564,543
7.616666666666645,1564,549
7.6333333333333115,1564,556
7.649999999999978,1564,563
7.666666666666645,1564,567
7.683333333333311,1571,579
7.699999999999978,1577,583
7.716666666666645,1586,588
7.733333333333311,1592,592
7.749999999999978,1600,594
7.766666666666644,1615,595
7.783333333333311,1619,595
7.799999999999978,1622,595
7.816666666666644,1628,592
7.833333333333311,1635,583
7.849999999999977,1642,573
7.866666666666644,1645,569
7.883333333333311,1650,557
7.899999999999977,1652,555
7.916666666666644,1656,543
7.9333333333333105,1656,541
7.949999999999977,1657,532
7.966666666666644,1657,529
7.98333333333331,1657,523
7.999999999999977,1657,514
8.016666666666644,1657,511
8.033333333333312,1657,508
8.04999999999998,1657,505
8.066666666666647,1657,498
8.083333333333314,1654,495
8.099999999999982,1652,491
8.11666666666665,1652,491
8.133333333333317,1652,489
8.149999999999984,1647,485
8.166666666666652,1645,484
8.18333333333332,1639,482
8.199999999999987,1635,480
8.216666666666654,1628,479
8.233333333333322,1626,479
8.24999999999999,1624,479
8.266666666666657,1624,479
8.283333333333324,1620,479
8.299999999999992,1618,479
8.31666666666666,1614,479
8.333333333333327,1611,479
8.349999999999994,1611,479
8.366666666666662,1606,480
8.38333333333333,1600,483
8.399999999999997,1594,489
8.416666666666664,1592,490
8.433333333333332,1589,492
8.45,1587,493
8.466666666666667,1586,495
8.483333333333334,1583,496
8.500000000000002,1581,496
8.51666666666667,1579,496
8.533333333333337,1577,496
8.550000000000004,1573,496
8.566666666666672,1570,496
8.58333333333334,1569,496
8.600000000000007,1567,492
8.616666666666674,1564,485
8.633333333333342,1562,477
8.65000000000001,1562,476
8.666666666666677,1558,467
8.683333333333344,1558,466
8.700000000000012,1557,458
8.71666666666668,1557,454
8.733333333333347,1557,448
8.750000000000014,1557,439
8.766666666666682,1557,434
8.78333333333335,1557,428
8.800000000000017,1557,426
8.816666666666684,1557,418
8.833333333333352,1557,414
8.85000000000002,1557,402
8.866666666666687,1557,397
8.883333333333354,1557,393
8.900000000000022,1557,388
8.91666666666669,1557,381
8.933333333333357,1557,375
8.950000000000024,1557,367
8.966666666666692,1557,358
8.98333333333336,1557,345
9.000000000000027,1557,337
9.016666666666694,1557,328
9.033333333333362,1557,323
9.05000000000003,1557,316
9.066666666666697,1557,297
9.083333333333364,1557,286
9.100000000000032,1557,278
9.1166666666667,1557,274
9.133333333333367,1557,261
9.150000000000034,1557,254
9.166666666666702,1557,241
9.183333333333369,1555,235
9.200000000000037,1552,227
9.216666666666704,1551,222
9.233333333333372,1550,216
9.250000000000039,1549,214
9.266666666666707,1545,212
9.283333333333374,1545,209
9.300000000000042,1543,208
9.316666666666709,1541,207
9.333333333333377,1536,202
9.350000000000044,1534,201
9.366666666666712,1524,198
9.383333333333379,1523,198
9.400000000000047,1517,197
9.416666666666714,1513,196
9.433333333333382,1513,196
9.450000000000049,1511,196
9.466666666666717,1511,196
9.483333333333384,1509,196
9.500000000000052,1504,197
9.516666666666719,1503,200
9.533333333333387,1500,203
9.550000000000054,1497,209
9.566666666666721,1494,213
9.583333333333389,1491,217
9.600000000000056,1487,222
9.616666666666724,1486,225
9.633333333333391,1484,230
9.650000000000059,1481,238
9.666666666666726,1480,240
9.683333333333394,1480,246
9.700000000000061,1480,253
9.716666666666729,1480,258
9.733333333333396,1480,266
9.750000000000064,1480,270
9.766666666666731,1480,275
9.783333333333399,1480,280
9.800000000000066,1480,286
9.816666666666734,1480,288
9.833333333333401,1480,292
9.850000000000069,1480,298
9.866666666666736,1481,305
9.883333333333404,1481,311
9.900000000000071,1481,317
9.916666666666739,1481,322
9.933333333333406,1481,328
9.950000000000074,1484,338
9.966666666666741,1485,345
9.983333333333409,1485,349
10.000000000000076,1486,355
10.016666666666744,1490,361
10.033333333333411,1490,367
10.050000000000079,1491,371
10.066666666666746,1493,386
10.083333333333414,1494,393
10.100000000000081,1496,400
10.116666666666749,1497,407
10.133333333333416,1498,415
10.150000000000084,1498,424
10.166666666666751,1498,429
10.183333333333419,1498,432
10.200000000000086,1499,439
10.216666666666754,1500,446
10.233333333333421,1500,447
10.250000000000089,1503,453
10.266666666666756,1504,457
10.283333333333424,1505,465
10.300000000000091,1506,469
10.316666666666759,1506,470
10.333333333333426,1506,471
10.350000000000094,1506,472
10.366666666666761,1506,472
10.383333333333429,1506,472
10.400000000000096,1506,472
10.416666666666764,1506,472
10.433333333333431,1506,472
10.450000000000099,1506,472
10.466666666666766,1506,472
10.483333333333434,1506,470
10.500000000000101,1506,463
10.516666666666769,1505,446
10.533333333333436,1505,442
10.550000000000104,1505,429
10.566666666666771,1504,425
10.583333333333439,1503,413
10.600000000000106,1503,407
10.616666666666774,1498,386
10.633333333333441,1497,377
10.650000000000109,1497,374
10.666666666666776,1494,360
10.683333333333444,1494,354
10.700000000000111,1493,341
10.716666666666779,1493,339
10.733333333333446,1492,331
10.750000000000114,1492,324
10.766666666666781,1492,317
10.783333333333449,1492,311
10.800000000000116,1492,299
10.816666666666784,1492,293
10.833333333333451,1492,284
10.850000000000119,1492,281
10.866666666666786,1492,268
10.883333333333454,1492,260
10.900000000000121,1494,255
10.916666666666789,1494,254
10.933333333333456,1497,247
10.950000000000124,1498,242
10.966666666666791,1500,240
10.983333333333459,1500,239
11.000000000000126,1503,238
